406.99
415.84
423.78
431.33
438.66
446.01
453.39
460.73
468.1
475.32
482.55
489.79
497.06
504.51
512.05
519.54
527.31
535.05
542.89
550.91
559.02
567.21
575.49
583.84
592.34
601.01
609.96
618.72
627.78
636.68
645.96
655.42
664.89
674.46
684.14
694.13
703.74
713.73
723.88
733.96
744.15
754.47
764.86
775.27
785.66
796.13
806.71
817.31
827.92
838.53
849.21
859.97
870.74
881.46
892.08
902.8
913.45
923.95
934.11
943.36
951.4
959.97
969.84
979.22
988.92
998.91
1008.64
1018.54
1029.34
1037.99
1047.68
1057.57
1067.79
1078.22
1088.76
1099.28
1109.89
1120.68
1131.3
1142.07
1152.65
1163.68
1174.71
1185.59
1196.34
1207.27
1217.86
1229.19
1240.21
1250.98
1262.53
1273.5
1284.49
1295.42
1306.22
1317.26
1328.3
1339.13
1349.79
1361.05
1372.91
1383.28
1394.75
1405.63
1416.54
1427.37
1438.47
1449.19
1459.32
1469.93
1480.84
1491.43
1502.02
1512.63
1523.22
1533.78
1544.23
1554.82
1565.37
1575.63
1585.86
1596.25
1606.49
1616.83
1627.02
1637.09
1647.23
1656.93
1667.19
1677.32
1687.43
1697.29
1707.09
1716.86
1726.65
1736.49
1746.22
1755.83
1765.51
1775.12
1784.72
1793.95
1803.59
1813.05
1822.44
1832.03
1841.33
1850.55
1859.56
1868.17
1878.74
1887.08
1896.09
1904.93
1914.3
1923.39
1932.26
1941.11
1949.9
1958.62
1967.34
1976.01
1984.85
1993.55
2002.11
2010.66
2019.32
2027.73
2036.26
2044.68
2053.01
2061.38
2069.8
2077.99
2086.38
2094.63
2102.82
2111.04
2119.23
2127.34
2135.51
2143.47
2151.39
2159.56
2167.48
2175.34
2183.42
2191.1
2199.14
2206.84
2214.62
2222.43
2230.01
2237.9
2245.45
2253.11
2260.87
2268.29
2276.05
2283.49
2290.83
2298.61
2305.72
2313.2
2320.9
2327.82
2335.53
2342.82
2349.79
2357.29
2364.59
2371.55
2378.77
2386.06
2393.04
2400.04
2407.6
2414.36
2421.24
2428.67
2435.54
2442.4
2449.14
2456.59
2463.03
2469.63
2477.05
2483.79
2490.22
2497.12
