0.929000000000000
0.929000000000000
0.929000000000000
0.929000000000000
0.929000000000000
0.928900000000000
0.928700000000000
0.928600000000000
0.928400000000000
0.928200000000000
0.928000000000000
0.927800000000000
0.927500000000000
0.927200000000000
0.926900000000000
0.926600000000000
0.926300000000000
0.926000000000000
0.925700000000000
0.925300000000000
0.925000000000000
0.924700000000000
0.924300000000000
0.924000000000000
0.923600000000000
0.923200000000000
0.922800000000000
0.922400000000000
0.922000000000000
0.921500000000000
0.921000000000000
0.920500000000000
0.919900000000000
0.919300000000000
0.918700000000000
0.918100000000000
0.917500000000000
0.916900000000000
0.916200000000000
0.915600000000000
0.915000000000000
0.914400000000000
0.913800000000000
0.913300000000000
0.912700000000000
0.912200000000000
0.911700000000000
0.911300000000000
0.910800000000000
0.910400000000000
0.910000000000000
0.909600000000000
0.909300000000000
0.909000000000000
0.908700000000000
0.908400000000000
0.908100000000000
0.907800000000000
0.907600000000000
0.907300000000000
0.907000000000000
0.906700000000000
0.906400000000000
0.906100000000000
0.905800000000000
0.905500000000000
0.905200000000000
0.904900000000000
0.904600000000000
0.904300000000000
0.904000000000000
0.903700000000000
0.903500000000000
0.903200000000000
0.903000000000000
0.902700000000000
0.902400000000000
0.902100000000000
0.901800000000000
0.901400000000000
0.901000000000000
0.900500000000000
0.900000000000000
0.899500000000000
0.898900000000000
0.898200000000000
0.897600000000000
0.897000000000000
0.896300000000000
0.895600000000000
0.895000000000000
0.894400000000000
0.893700000000000
0.893100000000000
0.892500000000000
0.891900000000000
0.891300000000000
0.890700000000000
0.890200000000000
0.889600000000000
0.889000000000000
0.888400000000000
0.887800000000000
0.887300000000000
0.886700000000000
0.886100000000000
0.885500000000000
0.884900000000000
0.884300000000000
0.883600000000000
0.883000000000000
0.882300000000000
0.881700000000000
0.881000000000000
0.880300000000000
0.879600000000000
0.878800000000000
0.878100000000000
0.877400000000000
0.876700000000000
0.876000000000000
0.875300000000000
0.874600000000000
0.873900000000000
0.873300000000000
0.872700000000000
0.872100000000000
0.871500000000000
0.870900000000000
0.870500000000000
0.870000000000000
0.869600000000000
0.869200000000000
0.868900000000000
0.868600000000000
0.868300000000000
0.868000000000000
0.867800000000000
0.867500000000000
0.867300000000000
0.867000000000000
0.866700000000000
0.866400000000000
0.866100000000000
0.865700000000000
0.865400000000000
0.865000000000000
0.864500000000000
0.864100000000000
0.863500000000000
0.863000000000000
0.862400000000000
0.861800000000000
0.861100000000000
0.860400000000000
0.859700000000000
0.859000000000000
0.858300000000000
0.857500000000000
0.856800000000000
0.856000000000000
0.855300000000000
0.854500000000000
0.853800000000000
0.853100000000000
0.852400000000000
0.851700000000000
0.851000000000000
0.850300000000000
0.849600000000000
0.849000000000000
0.848400000000000
0.847800000000000
0.847100000000000
0.846500000000000
0.846000000000000
0.845400000000000
0.844800000000000
0.844200000000000
0.843600000000000
0.843000000000000
0.842400000000000
0.841800000000000
0.841200000000000
0.840500000000000
0.839900000000000
0.839300000000000
0.838700000000000
0.838100000000000
0.837600000000000
0.837000000000000
0.836500000000000
0.835900000000000
0.835400000000000
0.834900000000000
0.834400000000000
0.834000000000000
0.833500000000000
0.833000000000000
0.832500000000000
0.832000000000000
0.831500000000000
0.831000000000000
0.830500000000000
0.830000000000000
0.829400000000000
0.828900000000000
0.828400000000000
0.827900000000000
0.827500000000000
0.827000000000000
0.826600000000000
0.826100000000000
0.825700000000000
0.825300000000000
0.824900000000000
0.824500000000000
0.824200000000000
0.823800000000000
0.823400000000000
0.823000000000000
0.822600000000000
0.822200000000000
0.821800000000000
0.821400000000000
0.821000000000000
0.820600000000000
0.820200000000000
0.819800000000000
0.819400000000000
0.819000000000000
0.818600000000000
0.818200000000000
0.817900000000000
0.817500000000000
0.817100000000000
0.816700000000000
0.816300000000000
0.815900000000000
0.815500000000000
0.815000000000000
0.814500000000000
0.814000000000000
0.813500000000000
0.813000000000000
0.812500000000000
0.812000000000000
0.811500000000000
0.811000000000000
0.810500000000000
0.810000000000000
0.809500000000000
0.809100000000000
0.808700000000000
0.808300000000000
0.807900000000000
0.807500000000000
0.807100000000000
0.806700000000000
0.806400000000000
0.806000000000000
0.805600000000000
0.805300000000000
0.804900000000000
0.804500000000000
0.804100000000000
0.803700000000000
0.803300000000000
0.802900000000000
0.802400000000000
0.802000000000000
0.801500000000000
0.801100000000000
0.800600000000000
0.800100000000000
0.799600000000000
0.799100000000000
0.798600000000000
0.798000000000000
0.797500000000000
0.797000000000000
0.796500000000000
0.796000000000000
0.795400000000000
0.794900000000000
0.794400000000000
0.793900000000000
0.793400000000000
0.792900000000000
0.792500000000000
0.792000000000000
0.791600000000000
0.791100000000000
0.790700000000000
0.790300000000000
0.789900000000000
0.789500000000000
0.789100000000000
0.788700000000000
0.788400000000000
0.788000000000000
0.787600000000000
0.787300000000000
0.786900000000000
0.786500000000000
0.786100000000000
0.785700000000000
0.785300000000000
0.784900000000000
0.784500000000000
0.784000000000000
0.783500000000000
0.783000000000000
0.782500000000000
0.782000000000000
0.781500000000000
0.780900000000000
0.780400000000000
0.779900000000000
0.779500000000000
0.779000000000000
0.778600000000000
0.778200000000000
0.777800000000000
0.777400000000000
0.777000000000000
0.776600000000000
0.776200000000000
0.775800000000000
0.775400000000000
0.775000000000000
0.774500000000000
0.774100000000000
0.773600000000000
0.773000000000000
0.772500000000000
0.772000000000000
0.771500000000000
0.771000000000000
0.770500000000000
0.770000000000000
0.769500000000000
0.769100000000000
0.768700000000000
0.768300000000000
0.767900000000000
0.767500000000000
0.767100000000000
0.766800000000000
0.766400000000000
0.766000000000000
0.765600000000000
0.765200000000000
0.764800000000000
0.764400000000000
0.764000000000000
0.763600000000000
0.763200000000000
0.762800000000000
0.762400000000000
0.762000000000000
0.761600000000000
0.761200000000000
0.760800000000000
0.760400000000000
0.760000000000000
0.759600000000000
0.759200000000000
0.758800000000000
0.758400000000000
0.758000000000000
0.757600000000000
0.757200000000000
0.756700000000000
0.756300000000000
0.755900000000000
0.755500000000000
0.755100000000000
0.754700000000000
0.754400000000000
0.754000000000000
0.753700000000000
0.753300000000000
0.753000000000000
0.752700000000000
0.752400000000000
0.752200000000000
0.751900000000000
0.751600000000000
0.751300000000000
0.751000000000000
0.750700000000000
0.750400000000000
0.750100000000000
0.749700000000000
0.749400000000000
0.749100000000000
0.748800000000000
0.748500000000000
0.748300000000000
0.748000000000000
0.747800000000000
0.747600000000000
0.747400000000000
0.747200000000000
0.747000000000000
0.746800000000000
0.746600000000000
0.746400000000000
0.746200000000000
0.746000000000000
0.745800000000000
0.745500000000000
0.745200000000000
0.744900000000000
0.744600000000000
0.744300000000000
0.744000000000000
0.743700000000000
0.743300000000000
0.743000000000000
0.742700000000000
0.742300000000000
0.742000000000000
0.741600000000000
0.741300000000000
0.741000000000000
0.740700000000000
0.740400000000000
0.740200000000000
0.740000000000000
0.739800000000000
0.739700000000000
0.739600000000000
0.739500000000000
0.739400000000000
0.739300000000000
0.739300000000000
0.739200000000000
0.739100000000000
0.739000000000000
0.738900000000000
0.738700000000000
0.738600000000000
0.738400000000000
0.738200000000000
0.738000000000000
0.737800000000000
0.737500000000000
0.737300000000000
0.737000000000000
0.736700000000000
0.736400000000000
0.736100000000000
0.735800000000000
0.735500000000000
0.735200000000000
0.734900000000000
0.734600000000000
0.734300000000000
0.734000000000000
0.733700000000000
0.733500000000000
0.733200000000000
0.733000000000000
0.732800000000000
0.732600000000000
0.732400000000000
0.732300000000000
0.732100000000000
0.732000000000000
0.731900000000000
0.731800000000000
0.731700000000000
0.731700000000000
0.731600000000000
0.731500000000000
0.731400000000000
0.731300000000000
0.731200000000000
0.731000000000000
0.730800000000000
0.730600000000000
0.730300000000000
0.730000000000000
0.729700000000000
0.729400000000000
0.729000000000000
0.728700000000000
0.728300000000000
0.728000000000000
0.727700000000000
0.727300000000000
0.727000000000000
0.726700000000000
0.726400000000000
0.726100000000000
0.725800000000000
0.725500000000000
0.725200000000000
0.725000000000000
0.724800000000000
0.724600000000000
0.724400000000000
0.724200000000000
0.724000000000000
0.723800000000000
0.723600000000000
0.723400000000000
0.723200000000000
0.723000000000000
0.722800000000000
0.722500000000000
0.722200000000000
0.721900000000000
0.721600000000000
0.721300000000000
0.721000000000000
0.720700000000000
0.720300000000000
0.720000000000000
0.719700000000000
0.719300000000000
0.719000000000000
0.718700000000000
0.718400000000000
0.718100000000000
0.717800000000000
0.717500000000000
0.717300000000000
0.717000000000000
0.716800000000000
0.716500000000000
0.716300000000000
0.716100000000000
0.715900000000000
0.715700000000000
0.715500000000000
0.715400000000000
0.715200000000000
0.715000000000000
0.714800000000000
0.714600000000000
0.714500000000000
0.714300000000000
0.714100000000000
0.713900000000000
0.713700000000000
0.713500000000000
0.713200000000000
0.713000000000000
0.712700000000000
0.712500000000000
0.712200000000000
0.711900000000000
0.711600000000000
0.711300000000000
0.711000000000000
0.710700000000000
0.710300000000000
0.710000000000000
0.709700000000000
0.709300000000000
0.709000000000000
0.708600000000000
0.708300000000000
0.708000000000000
0.707700000000000
0.707400000000000
0.707200000000000
0.707000000000000
0.706800000000000
0.706700000000000
0.706600000000000
0.706600000000000
0.706500000000000
0.706400000000000
0.706400000000000
0.706300000000000
0.706100000000000
0.706000000000000
0.705800000000000
0.705600000000000
0.705300000000000
0.705000000000000
0.704700000000000
0.704400000000000
0.704100000000000
0.703700000000000
0.703400000000000
0.703000000000000
0.702700000000000
0.702300000000000
0.702000000000000
0.701700000000000
0.701300000000000
0.701000000000000
0.700800000000000
0.700500000000000
0.700200000000000
0.700000000000000
0.699800000000000
0.699600000000000
0.699400000000000
0.699200000000000
0.699000000000000
0.698800000000000
0.698700000000000
0.698500000000000
0.698200000000000
0.698000000000000
0.697700000000000
0.697500000000000
0.697200000000000
0.696900000000000
0.696500000000000
0.696200000000000
0.695900000000000
0.695600000000000
0.695300000000000
0.695000000000000
0.694700000000000
0.694500000000000
0.694200000000000
0.694000000000000
0.693800000000000
0.693600000000000
0.693400000000000
0.693300000000000
0.693100000000000
0.693000000000000
0.692900000000000
0.692800000000000
0.692700000000000
0.692600000000000
0.692500000000000
0.692400000000000
0.692300000000000
0.692200000000000
0.692100000000000
0.692000000000000
0.691900000000000
0.691700000000000
0.691600000000000
0.691400000000000
0.691200000000000
0.691000000000000
0.690800000000000
0.690600000000000
0.690300000000000
0.690000000000000
0.689700000000000
0.689300000000000
0.689000000000000
0.688600000000000
0.688200000000000
0.687800000000000
0.687300000000000
0.686900000000000
0.686400000000000
0.686000000000000
0.685600000000000
0.685100000000000
0.684700000000000
0.684200000000000
0.683800000000000
0.683400000000000
0.683000000000000
0.682600000000000
0.682300000000000
0.682000000000000
0.681700000000000
0.681500000000000
0.681200000000000
0.681000000000000
0.680900000000000
0.680700000000000
0.680500000000000
0.680300000000000
0.680200000000000
0.680000000000000
0.679800000000000
0.679600000000000
0.679400000000000
0.679200000000000
0.679000000000000
0.678800000000000
0.678600000000000
0.678400000000000
0.678200000000000
0.678000000000000
0.677800000000000
0.677600000000000
0.677400000000000
0.677200000000000
0.677000000000000
0.676800000000000
0.676600000000000
0.676400000000000
0.676200000000000
0.676000000000000
0.675800000000000
0.675600000000000
0.675400000000000
0.675200000000000
0.675000000000000
0.674800000000000
0.674600000000000
0.674400000000000
0.674200000000000
0.674000000000000
0.673800000000000
0.673600000000000
0.673500000000000
0.673300000000000
0.673100000000000
0.672900000000000
0.672700000000000
0.672500000000000
0.672200000000000
0.672000000000000
0.671700000000000
0.671400000000000
0.671100000000000
0.670800000000000
0.670500000000000
0.670200000000000
0.669900000000000
0.669600000000000
0.669300000000000
0.669000000000000
0.668700000000000
0.668500000000000
0.668200000000000
0.668000000000000
0.667800000000000
0.667600000000000
0.667400000000000
0.667300000000000
0.667100000000000
0.667000000000000
0.666900000000000
0.666800000000000
0.666700000000000
0.666600000000000
0.666500000000000
0.666400000000000
0.666300000000000
0.666200000000000
0.666100000000000
0.666000000000000
0.665900000000000
0.665800000000000
0.665600000000000
0.665500000000000
0.665300000000000
0.665100000000000
0.664900000000000
0.664600000000000
0.664300000000000
0.664000000000000
0.663600000000000
0.663200000000000
0.662800000000000
0.662400000000000
0.662000000000000
0.661500000000000
0.661100000000000
0.660700000000000
0.660300000000000
0.660000000000000
0.659700000000000
0.659400000000000
0.659200000000000
0.659000000000000
0.658800000000000
0.658700000000000
0.658500000000000
0.658300000000000
0.658200000000000
0.658000000000000
0.657800000000000
0.657600000000000
0.657400000000000
0.657200000000000
0.657000000000000
0.656800000000000
0.656500000000000
0.656400000000000
0.656200000000000
0.656000000000000
0.655900000000000
0.655700000000000
0.655600000000000
0.655500000000000
0.655400000000000
0.655300000000000
0.655300000000000
0.655200000000000
0.655100000000000
0.655000000000000
0.654900000000000
0.654800000000000
0.654700000000000
0.654600000000000
0.654500000000000
0.654400000000000
0.654300000000000
0.654200000000000
0.654100000000000
0.654000000000000
0.653900000000000
0.653900000000000
0.653800000000000
0.653700000000000
0.653600000000000
0.653600000000000
0.653400000000000
0.653300000000000
0.653200000000000
0.653000000000000
0.652800000000000
0.652600000000000
0.652300000000000
0.652000000000000
0.651700000000000
0.651400000000000
0.651100000000000
0.650700000000000
0.650400000000000
0.650000000000000
0.649600000000000
0.649300000000000
0.648900000000000
0.648600000000000
0.648300000000000
0.648000000000000
0.647700000000000
0.647400000000000
0.647200000000000
0.647000000000000
0.646800000000000
0.646700000000000
0.646600000000000
0.646500000000000
0.646400000000000
0.646400000000000
0.646300000000000
0.646200000000000
0.646100000000000
0.646000000000000
0.645900000000000
0.645700000000000
0.645500000000000
0.645300000000000
0.645100000000000
0.644900000000000
0.644700000000000
0.644500000000000
0.644200000000000
0.644000000000000
0.643800000000000
0.643500000000000
0.643300000000000
0.643100000000000
0.642900000000000
0.642700000000000
0.642500000000000
0.642300000000000
0.642200000000000
0.642000000000000
0.641900000000000
0.641700000000000
0.641600000000000
0.641500000000000
0.641400000000000
0.641300000000000
0.641300000000000
0.641200000000000
0.641100000000000
0.641000000000000
0.640900000000000
0.640800000000000
0.640700000000000
0.640600000000000
0.640500000000000
0.640400000000000
0.640300000000000
0.640200000000000
0.640100000000000
0.640000000000000
0.639900000000000
0.639800000000000
0.639700000000000
0.639600000000000
0.639500000000000
0.639400000000000
0.639300000000000
0.639200000000000
0.639100000000000
0.639000000000000
0.638900000000000
0.638800000000000
0.638700000000000
0.638600000000000
0.638500000000000
0.638400000000000
0.638300000000000
0.638200000000000
0.638100000000000
0.638000000000000
0.637900000000000
0.637800000000000
0.637700000000000
0.637600000000000
0.637500000000000
0.637400000000000
0.637300000000000
0.637200000000000
0.637100000000000
0.637000000000000
0.636900000000000
0.636800000000000
0.636700000000000
0.636600000000000
0.636500000000000
0.636400000000000
0.636300000000000
0.636200000000000
0.636100000000000
0.636000000000000
0.635900000000000
0.635800000000000
0.635800000000000
0.635700000000000
0.635600000000000
0.635500000000000
0.635400000000000
0.635300000000000
0.635200000000000
0.635000000000000
0.634800000000000
0.634600000000000
0.634400000000000
0.634200000000000
0.634000000000000
0.633800000000000
0.633600000000000
0.633400000000000
0.633200000000000
0.633000000000000
0.632800000000000
0.632700000000000
0.632600000000000
0.632500000000000
0.632400000000000
0.632300000000000
0.632200000000000
0.632100000000000
0.632100000000000
0.632000000000000
0.631900000000000
0.631900000000000
0.631900000000000
0.631800000000000
0.631800000000000
0.631800000000000
0.631800000000000
0.631900000000000
0.631900000000000
0.632000000000000
0.632100000000000
0.632200000000000
0.632400000000000
0.632600000000000
0.632800000000000
0.633000000000000
0.633200000000000
0.633400000000000
0.633700000000000
0.634000000000000
0.634300000000000
0.634600000000000
0.634900000000000
0.635200000000000
0.635600000000000
0.635900000000000
0.636200000000000
0.636500000000000
0.636700000000000
0.637000000000000
0.637200000000000
0.637500000000000
0.637700000000000
0.637900000000000
0.638000000000000
0.638200000000000
0.638400000000000
0.638600000000000
0.638800000000000
0.639000000000000
0.639200000000000
0.639500000000000
0.639700000000000
0.639900000000000
0.640200000000000
0.640400000000000
0.640600000000000
0.640800000000000
0.640900000000000
0.641000000000000
0.641100000000000
0.641100000000000
0.641100000000000
0.641000000000000
0.640900000000000
0.640800000000000
0.640600000000000
0.640400000000000
0.640200000000000
0.640000000000000
0.639800000000000
0.639500000000000
0.639200000000000
0.638900000000000
0.638600000000000
0.638300000000000
0.638000000000000
0.637700000000000
0.637300000000000
0.637000000000000
0.636700000000000
0.636300000000000
0.636000000000000
0.635700000000000
0.635400000000000
0.635100000000000
0.634800000000000
0.634500000000000
0.634200000000000
0.634000000000000
0.633800000000000
0.633600000000000
0.633400000000000
0.633200000000000
0.633000000000000
0.632800000000000
0.632600000000000
0.632400000000000
0.632200000000000
0.632000000000000
0.631800000000000
0.631500000000000
0.631200000000000
0.630900000000000
0.630600000000000
0.630300000000000
0.630000000000000
0.629700000000000
0.629300000000000
0.629000000000000
0.628700000000000
0.628300000000000
0.628000000000000
0.627700000000000
0.627400000000000
0.627100000000000
0.626800000000000
0.626500000000000
0.626300000000000
0.626000000000000
0.625800000000000
0.625500000000000
0.625300000000000
0.625100000000000
0.624900000000000
0.624700000000000
0.624500000000000
0.624400000000000
0.624200000000000
0.624000000000000
0.623800000000000
0.623600000000000
0.623400000000000
0.623200000000000
0.623000000000000
0.622800000000000
0.622600000000000
0.622400000000000
0.622200000000000
0.622000000000000
0.621800000000000
0.621600000000000
0.621300000000000
0.621100000000000
0.620900000000000
0.620700000000000
0.620500000000000
0.620300000000000
0.620200000000000
0.620000000000000
0.619900000000000
0.619700000000000
0.619600000000000
0.619500000000000
0.619400000000000
0.619300000000000
0.619300000000000
0.619200000000000
0.619100000000000
0.619000000000000
0.618900000000000
0.618800000000000
0.618700000000000
0.618600000000000
0.618500000000000
0.618400000000000
0.618300000000000
0.618200000000000
0.618100000000000
0.618000000000000
0.617900000000000
0.617900000000000
0.617800000000000
0.617800000000000
0.617700000000000
0.617600000000000
0.617500000000000
0.617400000000000
0.617200000000000
0.617000000000000
0.616800000000000
0.616500000000000
0.616200000000000
0.615900000000000
0.615500000000000
0.615200000000000
0.614900000000000
0.614600000000000
0.614300000000000
0.614000000000000
0.613800000000000
0.613600000000000
0.613400000000000
0.613300000000000
0.613200000000000
0.613100000000000
0.613100000000000
0.613000000000000
0.613000000000000
0.613000000000000
0.613000000000000
0.613000000000000
0.613000000000000
0.613000000000000
0.613000000000000
0.613000000000000
0.613000000000000
0.613000000000000
0.613000000000000
0.613000000000000
0.613000000000000
0.612900000000000
0.612900000000000
0.612800000000000
0.612700000000000
0.612600000000000
0.612500000000000
0.612300000000000
0.612200000000000
0.612000000000000
0.611800000000000
0.611600000000000
0.611400000000000
0.611100000000000
0.610900000000000
0.610700000000000
0.610500000000000
0.610300000000000
0.610100000000000
0.610000000000000
0.609900000000000
0.609800000000000
0.609800000000000
0.609800000000000
0.609800000000000
0.609800000000000
0.609900000000000
0.609900000000000
0.610000000000000
0.610000000000000
0.610000000000000
0.610100000000000
0.610100000000000
0.610100000000000
0.610100000000000
0.610100000000000
0.610100000000000
0.610100000000000
0.610100000000000
0.610000000000000
0.609900000000000
0.609900000000000
0.609800000000000
0.609700000000000
0.609600000000000
0.609500000000000
0.609300000000000
0.609200000000000
0.609100000000000
0.609000000000000
0.608900000000000
0.608800000000000
0.608700000000000
0.608600000000000
0.608500000000000
0.608400000000000
0.608300000000000
0.608200000000000
0.608100000000000
0.608000000000000
0.607900000000000
0.607800000000000
0.607700000000000
0.607600000000000
0.607500000000000
0.607400000000000
0.607300000000000
0.607200000000000
0.607100000000000
0.607000000000000
0.606900000000000
0.606800000000000
0.606600000000000
0.606500000000000
0.606400000000000
0.606300000000000
0.606200000000000
0.606100000000000
0.606000000000000
0.606000000000000
0.606000000000000
0.606000000000000
0.606000000000000
0.606000000000000
0.606000000000000
0.606000000000000
0.606000000000000
0.606000000000000
0.606000000000000
0.606000000000000
0.605900000000000
0.605900000000000
0.605800000000000
0.605700000000000
0.605600000000000
0.605500000000000
0.605300000000000
0.605200000000000
0.605100000000000
0.605000000000000
0.604900000000000
0.604800000000000
0.604700000000000
0.604700000000000
0.604600000000000
0.604500000000000
0.604400000000000
0.604300000000000
0.604100000000000
0.604000000000000
0.603800000000000
0.603700000000000
0.603500000000000
0.603200000000000
0.603000000000000
0.602800000000000
0.602600000000000
0.602400000000000
0.602200000000000
0.602000000000000
0.601800000000000
0.601700000000000
0.601500000000000
0.601400000000000
0.601300000000000
0.601200000000000
0.601100000000000
0.601100000000000
0.601000000000000
0.601000000000000
0.601000000000000
0.601000000000000
0.601000000000000
0.601000000000000
0.601000000000000
0.601000000000000
0.601000000000000
0.601000000000000
0.601000000000000
0.601000000000000
0.601000000000000
0.601000000000000
0.601000000000000
0.601000000000000
0.601000000000000
0.601000000000000
0.601000000000000
0.601000000000000
0.601000000000000
0.601000000000000
0.601000000000000
0.601000000000000
0.601100000000000
0.601100000000000
0.601100000000000
0.601100000000000
0.601100000000000
0.601100000000000
0.601100000000000
0.601000000000000
0.600900000000000
0.600800000000000
0.600700000000000
0.600600000000000
0.600500000000000
0.600400000000000
0.600200000000000
0.600100000000000
0.600100000000000
0.600000000000000
0.600000000000000
0.600000000000000
0.600000000000000
0.600000000000000
0.600000000000000
0.600000000000000
0.600000000000000
0.600000000000000
0.600000000000000
0.600000000000000
0.599900000000000
0.599900000000000
0.599800000000000
0.599700000000000
0.599500000000000
0.599400000000000
0.599300000000000
0.599200000000000
0.599100000000000
0.599000000000000
0.598900000000000
0.598900000000000
0.598900000000000
0.598900000000000
0.598900000000000
0.598900000000000
0.598900000000000
0.598900000000000
0.599000000000000
0.599000000000000
0.599000000000000
0.599100000000000
0.599100000000000
0.599100000000000
0.599100000000000
0.599100000000000
0.599100000000000
0.599100000000000
0.599000000000000
0.599000000000000
0.598900000000000
0.598900000000000
0.598800000000000
0.598700000000000
0.598600000000000
0.598500000000000
0.598300000000000
0.598200000000000
0.598100000000000
0.598000000000000
0.597900000000000
0.597800000000000
0.597700000000000
0.597600000000000
0.597500000000000
0.597400000000000
0.597300000000000
0.597200000000000
0.597100000000000
0.597000000000000
0.596900000000000
0.596800000000000
0.596700000000000
0.596600000000000
0.596400000000000
0.596300000000000
0.596200000000000
0.596200000000000
0.596100000000000
0.596000000000000
0.595900000000000
0.595900000000000
0.595900000000000
0.595800000000000
0.595800000000000
0.595800000000000
0.595900000000000
0.595900000000000
0.595900000000000
0.596000000000000
0.596100000000000
0.596200000000000
0.596300000000000
0.596400000000000
0.596500000000000
0.596600000000000
0.596700000000000
0.596800000000000
0.596900000000000
0.597000000000000
0.597100000000000
0.597200000000000
0.597200000000000
0.597200000000000
0.597300000000000
0.597300000000000
0.597200000000000
0.597200000000000
0.597100000000000
0.597000000000000
0.596900000000000
0.596700000000000
0.596500000000000
0.596300000000000
0.596100000000000
0.595900000000000
0.595700000000000
0.595400000000000
0.595200000000000
0.595000000000000
0.594800000000000
0.594600000000000
0.594500000000000
0.594300000000000
0.594200000000000
0.594100000000000
0.594000000000000
0.594000000000000
0.594000000000000
0.594000000000000
0.594100000000000
0.594200000000000
0.594300000000000
0.594500000000000
0.594700000000000
0.594900000000000
0.595100000000000
0.595400000000000
0.595700000000000
0.596000000000000
0.596300000000000
0.596700000000000
0.597100000000000
0.597400000000000
0.597800000000000
0.598200000000000
0.598700000000000
0.599100000000000
0.599500000000000
0.600000000000000
0.600500000000000
0.600900000000000
0.601400000000000
0.602000000000000
0.602500000000000
0.603100000000000
0.603800000000000
0.604400000000000
0.605200000000000
0.606000000000000
0.606900000000000
0.607800000000000
0.608800000000000
0.609800000000000
0.610800000000000
0.611900000000000
0.612900000000000
0.614000000000000
0.615000000000000
0.616000000000000
0.617000000000000
0.617900000000000
0.618700000000000
0.619600000000000
0.620400000000000
0.621100000000000
0.621900000000000
0.622600000000000
0.623300000000000
0.624000000000000
0.624700000000000
0.625300000000000
0.625900000000000
0.626500000000000
0.627000000000000
0.627500000000000
0.628000000000000
0.628400000000000
0.628700000000000
0.629000000000000
0.629200000000000
0.629400000000000
0.629400000000000
0.629500000000000
0.629500000000000
0.629400000000000
0.629300000000000
0.629200000000000
0.629100000000000
0.629000000000000
0.628900000000000
0.628700000000000
0.628600000000000
0.628500000000000
0.628300000000000
0.628200000000000
0.628100000000000
0.628100000000000
0.628000000000000
0.628000000000000
0.628000000000000
0.628000000000000
0.628100000000000
0.628100000000000
0.628200000000000
0.628200000000000
0.628200000000000
0.628200000000000
0.628100000000000
0.628000000000000
0.627800000000000
0.627600000000000
0.627400000000000
0.627100000000000
0.626800000000000
0.626400000000000
0.626100000000000
0.625700000000000
0.625400000000000
0.625000000000000
0.624700000000000
0.624300000000000
0.624000000000000
0.623700000000000
0.623400000000000
0.623100000000000
0.622900000000000
0.622600000000000
0.622300000000000
0.622000000000000
0.621700000000000
0.621400000000000
0.621100000000000
0.620800000000000
0.620500000000000
0.620200000000000
0.619900000000000
0.619600000000000
0.619300000000000
0.619000000000000
0.618700000000000
0.618400000000000
0.618100000000000
0.617800000000000
0.617400000000000
0.617100000000000
0.616800000000000
0.616600000000000
0.616300000000000
0.616000000000000
0.615700000000000
0.615500000000000
0.615300000000000
0.615000000000000
0.614800000000000
0.614600000000000
0.614400000000000
0.614300000000000
0.614100000000000
0.614000000000000
0.613900000000000
0.613800000000000
0.613700000000000
0.613600000000000
0.613500000000000
0.613500000000000
0.613400000000000
0.613300000000000
0.613100000000000
0.613000000000000
0.612800000000000
0.612600000000000
0.612400000000000
0.612200000000000
0.612000000000000
0.611800000000000
0.611600000000000
0.611400000000000
0.611200000000000
0.611000000000000
0.610800000000000
0.610700000000000
0.610600000000000
0.610500000000000
0.610400000000000
0.610300000000000
0.610200000000000
0.610200000000000
0.610100000000000
0.610000000000000
0.609900000000000
0.609800000000000
0.609700000000000
0.609600000000000
0.609500000000000
0.609400000000000
0.609300000000000
0.609200000000000
0.609100000000000
0.609000000000000
0.608900000000000
0.608800000000000
0.608700000000000
0.608600000000000
0.608500000000000
0.608400000000000
0.608300000000000
0.608200000000000
0.608100000000000
0.608000000000000
0.607900000000000
0.607900000000000
0.607800000000000
0.607700000000000
0.607600000000000
0.607500000000000
0.607400000000000
0.607300000000000
0.607200000000000
0.607000000000000
0.606800000000000
0.606600000000000
0.606300000000000
0.606100000000000
0.605900000000000
0.605600000000000
0.605400000000000
0.605300000000000
0.605100000000000
0.605000000000000
0.604900000000000
0.604900000000000
0.604900000000000
0.605000000000000
0.605000000000000
0.605000000000000
0.605100000000000
0.605100000000000
0.605100000000000
0.605000000000000
0.604900000000000
0.604700000000000
0.604600000000000
0.604300000000000
0.604100000000000
0.603900000000000
0.603600000000000
0.603400000000000
0.603200000000000
0.603000000000000
0.602800000000000
0.602700000000000
0.602600000000000
0.602500000000000
0.602400000000000
0.602300000000000
0.602200000000000
0.602200000000000
0.602100000000000
0.602000000000000
0.601900000000000
0.601800000000000
0.601700000000000
0.601600000000000
0.601500000000000
0.601300000000000
0.601200000000000
0.601100000000000
0.601100000000000
0.601000000000000
0.601000000000000
0.600900000000000
0.600900000000000
0.600900000000000
0.600900000000000
0.600900000000000
0.600900000000000
0.601000000000000
0.601000000000000
0.601000000000000
0.601000000000000
0.601000000000000
0.601000000000000
0.601000000000000
0.601000000000000
0.601000000000000
0.601000000000000
0.601000000000000
0.601000000000000
0.601000000000000
0.601000000000000
0.601000000000000
0.601000000000000
0.600900000000000
0.600900000000000
0.600900000000000
0.600900000000000
0.600900000000000
0.601000000000000
0.601000000000000
0.601000000000000
0.601100000000000
0.601200000000000
0.601300000000000
0.601300000000000
0.601500000000000
0.601600000000000
0.601700000000000
0.601800000000000
0.602000000000000
0.602200000000000
0.602300000000000
0.602500000000000
0.602700000000000
0.602900000000000
0.603100000000000
0.603300000000000
0.603600000000000
0.603800000000000
0.604000000000000
0.604200000000000
0.604400000000000
0.604700000000000
0.604900000000000
0.605200000000000
0.605500000000000
0.605800000000000
0.606200000000000
0.606600000000000
0.607000000000000
0.607500000000000
0.608000000000000
0.608600000000000
0.609200000000000
0.609800000000000
0.610400000000000
0.611100000000000
0.611700000000000
0.612400000000000
0.613000000000000
0.613600000000000
0.614200000000000
0.614800000000000
0.615400000000000
0.615900000000000
0.616500000000000
0.617100000000000
0.617700000000000
0.618300000000000
0.619000000000000
0.619700000000000
0.620400000000000
0.621100000000000
0.621800000000000
0.622600000000000
0.623300000000000
0.624000000000000
0.624700000000000
0.625400000000000
0.626000000000000
0.626600000000000
0.627100000000000
0.627700000000000
0.628100000000000
0.628500000000000
0.628900000000000
0.629300000000000
0.629500000000000
0.629800000000000
0.630000000000000
0.630200000000000
0.630300000000000
0.630400000000000
0.630400000000000
0.630400000000000
0.630400000000000
0.630300000000000
0.630200000000000
0.630100000000000
0.630000000000000
0.629900000000000
0.629700000000000
0.629500000000000
0.629300000000000
0.629100000000000
0.628900000000000
0.628700000000000
0.628500000000000
0.628200000000000
0.628000000000000
0.627800000000000
0.627600000000000
0.627300000000000
0.627100000000000
0.626900000000000
0.626700000000000
0.626500000000000
0.626300000000000
0.626200000000000
0.626000000000000
0.625800000000000
0.625700000000000
0.625600000000000
0.625400000000000
0.625300000000000
0.625200000000000
0.625100000000000
0.625100000000000
0.625000000000000
0.625000000000000
0.625000000000000
0.625000000000000
0.625000000000000
0.625000000000000
0.625000000000000
0.625100000000000
0.625100000000000
0.625100000000000
0.625000000000000
0.625000000000000
0.624900000000000
0.624800000000000
0.624700000000000
0.624600000000000
0.624500000000000
0.624400000000000
0.624300000000000
0.624200000000000
0.624100000000000
0.624000000000000
0.623900000000000
0.623900000000000
0.623900000000000
0.623900000000000
0.623900000000000
0.623900000000000
0.624000000000000
0.624000000000000
0.624000000000000
0.624000000000000
0.624000000000000
0.624000000000000
0.624000000000000
0.624000000000000
0.623900000000000
0.623900000000000
0.623900000000000
0.623900000000000
0.624000000000000
0.624000000000000
0.624100000000000
0.624100000000000
0.624200000000000
0.624300000000000
0.624400000000000
0.624500000000000
0.624600000000000
0.624800000000000
0.624900000000000
0.625000000000000
0.625100000000000
0.625200000000000
0.625300000000000
0.625400000000000
0.625500000000000
0.625600000000000
0.625700000000000
0.625800000000000
0.625900000000000
0.626000000000000
0.626100000000000
0.626200000000000
0.626300000000000
0.626300000000000
0.626400000000000
0.626500000000000
0.626600000000000
0.626700000000000
0.626900000000000
0.627000000000000
0.627100000000000
0.627300000000000
0.627500000000000
0.627700000000000
0.627900000000000
0.628100000000000
0.628300000000000
0.628500000000000
0.628700000000000
0.629000000000000
0.629300000000000
0.629500000000000
0.629800000000000
0.630100000000000
0.630400000000000
0.630700000000000
0.631000000000000
0.631300000000000
0.631700000000000
0.632000000000000
0.632300000000000
0.632700000000000
0.633000000000000
0.633300000000000
0.633700000000000
0.634000000000000
0.634300000000000
0.634500000000000
0.634800000000000
0.635000000000000
0.635200000000000
0.635400000000000
0.635500000000000
0.635600000000000
0.635700000000000
0.635800000000000
0.635900000000000
0.635900000000000
0.636000000000000
0.636000000000000
0.636000000000000
0.636000000000000
0.636100000000000
0.636100000000000
0.636100000000000
0.636100000000000
0.636000000000000
0.636000000000000
0.636000000000000
0.636000000000000
0.636000000000000
0.636000000000000
0.635900000000000
0.635900000000000
0.635900000000000
0.635900000000000
0.635900000000000
0.635900000000000
0.636000000000000
0.636000000000000
0.636100000000000
0.636100000000000
0.636200000000000
0.636300000000000
0.636400000000000
0.636600000000000
0.636700000000000
0.636800000000000
0.636900000000000
0.637000000000000
0.637100000000000
0.637200000000000
0.637300000000000
0.637300000000000
0.637400000000000
0.637500000000000
0.637600000000000
0.637700000000000
0.637900000000000
0.638000000000000
0.638200000000000
0.638300000000000
0.638600000000000
0.638800000000000
0.639100000000000
0.639400000000000
0.639700000000000
0.640100000000000
0.640500000000000
0.641000000000000
0.940000000000000
0.940000000000000
0.940000000000000
0.940000000000000
0.940000000000000
0.940000000000000
0.940000000000000
0.940000000000000
0.940000000000000
0.940000000000000
0.940000000000000
0.940000000000000
0.940000000000000
0.940000000000000
0.940000000000000
0.940000000000000
0.940000000000000
0.940000000000000
0.940000000000000
0.940000000000000
0.940000000000000
0.940000000000000
0.940000000000000
0.940000000000000
0.940000000000000
0.940000000000000
0.940000000000000
0.940000000000000
0.940000000000000
0.940000000000000
0.940000000000000
0.940000000000000
0.940000000000000
0.940000000000000
0.940000000000000
0.940000000000000
0.940000000000000
0.940000000000000
0.940000000000000
0.940000000000000
0.940000000000000
0.940000000000000
0.940000000000000
0.940000000000000
0.940000000000000
0.940000000000000
0.940000000000000
0.940000000000000
0.940000000000000
0.940000000000000
0.940000000000000
0.940000000000000
0.940000000000000
0.940000000000000
0.940000000000000
0.940000000000000
0.940000000000000
0.940000000000000
0.940000000000000
0.940000000000000
0.940000000000000
0.940000000000000
0.940000000000000
0.940000000000000
0.940000000000000
0.940000000000000
0.940000000000000
0.940000000000000
0.940000000000000
0.940000000000000
0.940000000000000
0.940000000000000
0.940000000000000
0.940000000000000
0.940000000000000
0.940000000000000
0.940000000000000
0.940000000000000
0.940000000000000
0.940000000000000
0.940000000000000
0.940000000000000
0.940000000000000
0.940000000000000
0.940000000000000
0.940000000000000
0.940000000000000
0.940000000000000
0.940000000000000
0.940000000000000
0.940000000000000
0.940000000000000
0.940000000000000
0.940000000000000
0.940000000000000
0.940000000000000
0.940000000000000
0.940000000000000
0.940000000000000
0.940000000000000
0.940000000000000
0.940000000000000
0.940000000000000
0.940000000000000
0.940000000000000
0.940000000000000
0.940000000000000
0.940000000000000
0.940000000000000
0.940000000000000
0.940000000000000
0.940000000000000
0.940000000000000
0.940000000000000
0.940000000000000
0.940000000000000
0.940000000000000
0.940000000000000
0.940000000000000
0.940000000000000
0.940000000000000
0.940000000000000
0.940000000000000
0.940000000000000
0.940000000000000
0.940000000000000
0.940000000000000
0.940000000000000
0.940000000000000
0.940000000000000
0.940000000000000
0.940000000000000
0.940000000000000
0.940000000000000
0.940000000000000
0.940000000000000
0.940000000000000
0.940000000000000
0.940000000000000
0.940000000000000
0.940000000000000
0.940000000000000
0.940000000000000
0.940000000000000
0.940000000000000
0.940000000000000
0.940000000000000
0.940000000000000
0.940000000000000
0.940000000000000
0.940000000000000
0.940000000000000
0.940000000000000
0.940000000000000
0.940000000000000
0.940000000000000
0.940000000000000
0.940000000000000
0.940000000000000
0.940000000000000
0.940000000000000